1	-18	0.5	        Fp1.
2	18	0.5	        Fp2.
3	-39	0.333333333     F3..
4	39	0.333333333     F4..
5	-90	0.25	        C3..
6	90	0.25	        C4..
7	-141	0.333333333	P3..
8	141	0.333333333	P4..
9	-162	0.5	        O1..
10	162	0.5	        O2..
11	-54	0.5	        F7..
12	54	0.5	        F8..
13	-90	0.5	        T7..
14	90	0.5	        T8..
15	-126	0.5	        P7..
16	126	0.5	        P8..
17	0	0.25	        Fz..
18	0	0	        Cz..
19	180	0.25	        Pz..
20	180	0.5	        Oz..
21	-44	0.172222222	FC1.
22	44	0.172222222	FC2.
23	-136	0.172222222	CP1.
24	136	0.172222222	CP2.
25	-69	0.383333333	FC5.
26	69	0.383333333	FC6.
27	-111	0.383333333	CP5.
28	111	0.383333333	CP6.
29	-108	0.627777778	TP9.
30	108	0.627777778	TP10
31	180	0.372222222	POZ.
32	-22	0.272222222	F1..
33	22	0.272222222	F2..
34	-90	0.127777778	C1..
35	90	0.127777778	C2..
36	-158	0.272222222	P1..
37	158	0.272222222	P2..
38	-22	0.411111111	AF3.
39	22	0.411111111	AF4.
40	-61	0.272222222	FC3.
41	61	0.272222222	FC4.
42	-119	0.272222222	CP3.
43	119	0.272222222	CP4.
44	-158	0.411111111	PO3.
45	158	0.411111111	PO4.
46	-49	0.411111111	F5..
47	49	0.411111111	F6..
48	-90	0.377777778	C5..
49	90	0.377777778	C6..
50	-131	0.411111111	P5..
51	131	0.411111111	P6..
52	-36	0.5	        AF7.
53	36	0.5	        AF8.
54	-72	0.5	        FT7.
55	72	0.5		FT8.
56	-108	0.5		TP7.
57	108	0.5		TP8.
